10150
1
2
68
69
149
71
72
3
73
74
75
77
4
5
6
7
8
9
78
79
152
80
10
11
12
81
82
83
13
14
89
88
86
85
84
154
153
170
188
212
216
238
237
223
187
169
186
236
235
185
234
292
479
480
450
393
294
295
451
481
545
642
764
765
766
767
643
644
645
646
647
648
649
554
555
556
557
596
482
452
303
302
300
299
298
297
296
217
239
240
241
242
189
244
245
246
247
248
249
218
191
190
171
155
15
91
92
93
94
17
95
96
97
18
19
98
156
157
99
100
20
101
172
192
224
251
250
305
306
453
483
559
546
518
519
560
561
484
394
395
307
308
396
397
398
309
310
400
399
514
485
486
454
455
487
515
488
456
439
431
401
432
440
457
489
402
433
441
458
490
605
604
603
602
601
600
599
598
524
523
522
521
520
659
658
657
656
655
654
773
808
812
830
861
813
862
814
863
864
831
832
865
866
833
779
778
777
776
775
774
660
661
662
606
607
608
525
526
527
528
529
495
494
462
461
493
492
460
491
459
442
434
403
313
404
405
406
314
315
407
408
409
316
317
319
175
196
263
262
261
260
259
258
257
256
255
195
174
167
159
173
194
254
253
193
158
21
22
103
104
23
24
106
25
26
27
108
109
110
28
29
111
112
113
114
115
116
30
117
118
119
120
121
31
122
33
34
35
124
160
197
198
176
177
199
329
328
326
325
324
323
321
320
410
443
463
496
565
563
668
667
782
783
784
669
670
671
672
673
785
674
676
677
678
679
610
611
612
613
547
497
464
566
567
498
465
444
411
330
331
332
333
334
335
336
412
413
414
415
416
337
338
339
340
341
342
343
344
425
424
423
422
421
420
419
418
417
503
504
471
470
469
502
501
468
467
500
466
499
530
531
532
533
534
535
536
537
538
539
540
541
542
543
505
548
506
472
346
426
348
349
350
351
352
353
354
355
356
229
269
270
209
184
183
208
268
267
220
213
182
207
228
227
206
181
180
205
226
278
204
266
219
203
225
201
179
200
178
125
36
37
38
127
39
40
128
41
161
129
43
44
130
46
131
47
48
132
133
49
50
162
134
135
51
52
136
53
137
138
139
54
55
56
57
58
164
163
210
214
221
360
359
430
513
512
511
476
448
438
429
428
437
447
475
510
509
474
446
436
427
435
445
473
508
516
507
544
570
571
572
573
574
575
576
614
615
616
617
618
619
620
621
622
623
624
729
728
727
726
725
724
723
722
721
720
719
718
717
802
803
821
848
888
887
847
820
886
818
845
885
846
819
801
716
715
714
800
799
713
712
798
711
710
709
708
707
706
705
704
703
702
701
700
699
797
796
698
697
696
695
693
692
789
790
791
792
793
794
795
843
880
844
881
919
920
949
950
951
952
953
954
955
956
957
882
883
884
921
1114
1174
1175
1115
1116
1117
1176
1206
1187
1205
1236
1278
1235
1277
1276
1113
1112
1111
1110
1109
1108
1107
1106
1105
1104
1103
1173
1204
1234
1275
1296
1310
1295
1273
1232
1203
1172
1101
1100
1099
1098
1097
1096
1095
1094
1093
1092
1091
1090
1170
1171
1272
1202
1231
1271
1360
1361
1362
1363
1364
1365
1366
1410
1411
1367
1368
1369
1412
1413
1311
1414
1415
1370
1371
1372
1373
1374
1375
1376
1377
1416
1312
1313
1314
1417
1378
1379
1380
1279
1237
1207
1177
1124
1123
1122
1121
1120
1119
1118
958
959
960
961
962
963
889
732
760
994
1125
1180
1179
1178
1280
1281
1283
1381
1317
1316
1315
1542
1543
1544
1545
1546
1600
1547
1549
1550
1686
1629
1650
1685
1821
1822
1823
1959
2014
1958
1956
1955
1954
2013
2012
2011
1953
1952
1951
1950
1949
1948
1947
1946
1944
1943
1942
1941
1940
1939
1938
1937
1936
1935
1982
1933
1932
1931
1930
1929
1928
1927
1926
1924
1981
1923
1922
2007
2006
2005
1921
1920
1919
1918
1916
2003
2002
1915
1914
1913
1912
1911
1910
1909
1908
1907
1906
1905
1904
1903
1902
1901
1900
1899
1898
1897
1896
1895
1894
1892
1891
1890
1889
1888
1887
1886
1885
1884
1883
1882
1881
1880
1879
1878
1877
1805
1806
1807
1709
1673
1674
1710
1711
1763
1764
1765
1766
1712
1703
1588
1623
1675
1676
1677
1643
1624
1644
1678
1713
1767
1768
1808
1809
1810
1811
1812
1813
1814
1815
1769
1770
1771
1772
1816
1714
1715
1716
1717
1718
1774
1775
1776
1778
1817
1779
1780
1818
1781
1782
1783
1819
1784
1785
1820
1786
1787
1788
1789
1790
1791
1684
1649
1628
1599
1541
1540
1538
1537
1536
1535
1534
1533
1532
1531
1530
1529
1528
1574
1527
1526
1525
1524
1523
1522
1521
1520
1519
1573
1518
1517
1515
1514
1513
1512
1598
1597
1683
1682
1648
1594
1595
1596
1511
1510
1509
1507
1506
1505
1504
1503
1681
1647
1627
1615
1593
1614
1626
1646
1680
1704
1679
1645
1625
1592
1502
1501
1500
1499
1498
1497
1496
1495
1494
1493
1591
1492
1491
1590
1589
1490
1489
1488
1404
1403
1402
1487
1486
1485
1484
1587
1586
1585
1483
1482
1481
1480
1338
1339
1340
1341
1342
1398
1399
1400
1401
1344
1343
1308
1292
1263
1224
1196
1164
1264
1225
1197
1165
1053
1054
1055
1056
1057
1058
1059
1060
1061
1062
1063
1064
1065
1066
1067
1166
1198
1226
1265
1345
1346
1347
1348
1349
1350
1351
1352
1353
1354
1355
1356
1357
1358
1359
1405
1406
1407
1408
1409
1309
1270
1294
1269
1230
1201
1186
1185
1200
1229
1268
1293
1267
1228
1199
1068
1069
1070
1072
1073
1074
1075
1076
1077
1078
1079
1080
1081
1082
1167
1168
1169
1083
1084
1085
1086
1087
1088
1089
948
947
946
944
945
874
838
817
786
875
910
911
912
913
914
915
916
917
918
879
842
878
841
877
840
788
787
691
690
689
688
687
686
685
684
683
682
681
680
816
873
993
992
991
815
837
872
943
942
941
940
909
908
871
836
835
870
869
939
907
868
834
781
666
665
664
663
780
867
906
893
905
904
903
902
901
900
1052
1051
1050
1048
1047
1046
1045
1163
1162
1044
1043
1042
1041
1040
989
988
987
986
985
984
983
982
981
860
829
811
807
772
892
859
828
810
806
653
652
771
651
650
770
769
768
826
855
809
827
856
858
938
899
898
897
937
936
935
934
926
896
854
825
891
853
895
894
852
824
823
851
925
924
933
849
850
822
641
640
639
638
637
636
634
633
759
632
631
757
756
755
754
753
752
751
763
750
749
748
747
746
745
744
743
742
762
741
740
739
738
737
736
735
734
733
761
731
730
694
675
839
876
927
990
1102
964
995
965
966
996
1126
1127
1128
1129
1130
1131
967
968
969
997
970
971
998
972
973
974
999
975
976
1000
977
978
929
979
930
932
980
1005
1144
1243
1208
1244
1390
1297
1392
1391
1289
1247
1211
1189
1182
1210
1246
1245
1209
1188
1146
1145
1006
1008
1009
1010
1011
1012
1013
1014
1016
1150
1151
1152
1017
1018
1019
1020
1190
1216
1253
1153
1021
1022
1023
1024
1025
1026
1027
1028
1029
1030
1154
1183
1192
1218
1256
1290
1191
1217
1255
1333
1332
1331
1330
1329
1328
1455
1454
1453
1452
1451
1450
1449
1448
1447
1446
1445
1444
1443
1579
1580
1619
1638
1668
1667
1798
1799
1740
1741
1742
1743
1744
1745
1746
1747
1748
1749
1669
1639
1620
1581
1456
1457
1458
1459
1460
1461
1462
1463
1464
1465
1466
1670
1640
1621
1582
1467
1468
1469
1470
1335
1334
1397
1396
1395
1394
1393
1257
1219
1193
1184
1155
1031
1032
1033
1034
1035
1156
1194
1220
1258
1259
1221
1260
1222
1159
1158
1157
1036
1037
1038
1160
1161
1195
1223
1262
1261
1337
1336
1307
1291
1306
1305
1304
1303
1471
1583
1472
1473
1474
1475
1476
1477
1478
1479
1584
1622
1642
1672
1702
1708
1804
1803
1802
1801
1762
1761
1760
1759
1758
1707
1671
1641
1800
1757
1756
1755
1754
1753
1752
1751
1750
1852
1853
1854
1855
1993
1994
1856
1857
1996
1995
2051
2082
2050
2081
2049
2080
2120
2121
2122
2123
2155
2156
2157
2244
2243
2111
2084
2053
2031
2023
1858
1859
1860
1861
1862
1998
2085
1864
1865
1866
1867
1868
1869
1871
1872
1873
1874
1875
1876
2000
2032
2054
2086
2169
2168
2167
2166
2165
2164
2163
2162
2161
2160
2159
2158
2318
2424
2320
2321
2322
2323
2324
2325
2326
2327
2170
2171
2172
2173
2174
2175
2176
2087
2177
2178
2179
2180
2182
2183
2184
2185
2186
2187
2188
2189
2190
2191
2192
2193
2194
2195
2196
2197
2198
2199
2200
2201
2088
2055
2033
2112
2127
2202
2203
2204
2205
2245
2090
2091
2206
2246
2207
2208
2247
2209
2210
2211
2248
2212
2213
2249
2409
2372
2371
2369
2368
2367
2656
2636
2657
2658
2638
2639
2659
2376
2375
2374
2373
2214
2215
2216
2217
2093
2058
2035
2009
2060
2095
2218
2219
2220
2221
2130
2131
2132
2222
2223
2224
2225
2097
2133
2226
2098
2250
2251
2252
2253
2255
2257
2383
2410
2411
2446
2455
2382
2381
2380
2445
2444
2379
2378
2377
2443
2442
2466
2531
2493
2532
2494
2533
2567
2568
2569
2570
2640
2641
2642
2871
2870
2869
2868
2938
2939
2973
2972
2971
2970
2955
2969
2968
2937
2911
2867
2866
2807
2806
2805
2804
2803
2801
2800
2799
2798
2797
2840
2795
2794
2793
2792
2790
2789
2788
2787
2786
2839
2785
2784
2783
2782
2780
2779
2778
2777
2776
2838
2775
2774
2773
2772
2770
2769
2768
2767
2766
2765
2764
2763
2864
2762
2761
2760
2759
2757
2756
2755
2754
2753
2752
2863
2750
2749
2748
2747
2862
2891
2908
2933
3016
3017
3018
3019
3020
3021
2934
3023
3024
3025
3026
3028
3029
2892
2909
2935
3030
3031
3032
3033
3034
3035
3036
3037
3038
3191
3192
3193
3296
3297
3194
3195
3265
3196
3197
3087
3039
3040
3088
3041
3042
3043
3089
3044
3045
3090
3046
3047
3048
3091
3050
3051
3092
3053
3054
3055
3056
3229
3228
3227
3226
3225
3300
3318
3344
3379
3378
3343
3299
3224
3223
3222
3221
3219
3218
3217
3216
3215
3214
3498
3497
3495
3494
3546
3493
3492
3545
3491
3490
3489
3654
3655
3656
3657
3658
3659
3660
3661
3740
3663
3664
3666
3667
3672
3670
3669
3668
3741
3778
3807
3843
3842
3861
3879
3943
3942
3941
3940
3939
3938
3937
3878
4007
4006
3936
3934
3933
3877
3859
3840
3805
3776
3860
3841
3806
3777
3739
3653
3652
3650
3649
3648
3738
3647
3646
3645
3643
3642
3641
3640
3639
3638
3737
3736
3735
3636
3635
3634
3734
3733
3775
3836
3803
3837
3858
3873
3874
4002
4003
3925
3926
3838
3804
3839
3875
3876
3928
3929
3931
3932
4004
4005
4147
4146
4145
4144
4143
4141
4140
4139
4138
4137
4136
4135
4133
4132
4131
4130
4129
4128
4127
4237
4236
4295
4308
4323
4324
4396
4397
4398
4399
4400
4402
4403
4404
4405
4406
4408
4409
4410
4472
4473
4325
4309
4296
4275
4259
4238
4148
4150
4151
4152
4153
4154
4155
4156
4157
4158
4159
4160
4161
4162
4163
4239
4165
4166
4167
4168
4169
4171
4172
4173
4240
4175
4176
4177
4178
4179
4180
4181
4261
4277
4299
4311
4241
4182
4183
4185
4186
4187
4017
4016
4015
4014
4013
4012
4011
4010
4009
4008
3949
3947
3945
3946
3862
3844
3808
3779
3757
3742
3758
3780
3809
3845
3743
3759
3781
3810
3846
3847
3744
3745
3419
3346
3321
3303
3302
3301
3319
3345
3320
3418
3417
3392
3505
3504
3503
3416
3502
3501
3499
3415
3377
3342
3317
3311
3212
3211
3210
3209
3208
3207
3206
3266
3205
3204
3203
3202
3201
3200
3198
3544
3488
3487
3543
3486
3413
3412
3375
3340
3374
3484
3483
3411
3410
3409
3371
3372
3338
3373
3339
3294
3295
3187
3189
3188
3185
3184
3293
3183
3181
3180
3179
3178
3176
3175
3174
3173
3172
3171
3170
3169
3167
3166
3165
3164
3163
3162
3161
3160
3159
3158
3157
3156
3154
3288
3289
3290
3291
3337
3369
3368
3336
3367
3335
3365
3333
3287
3286
3153
3152
3151
3150
3149
3148
3147
3146
3145
3143
3285
3284
3142
3141
3139
3138
3137
3136
3135
3283
3315
3331
3361
3391
3401
3449
3450
3539
3540
3541
3542
3452
3453
3454
3456
3457
3362
3332
3363
3402
3459
3460
3461
3462
3463
3464
3465
3364
3403
3404
3405
3406
3407
3408
3608
3609
3610
3611
3612
3613
3615
3616
3617
3466
3467
3468
3469
3470
3471
3472
3473
3474
3475
3476
3477
3478
3479
3480
3370
3632
3631
3630
3629
3627
3626
3625
3624
3623
3622
3620
3619
3618
3731
3732
3835
3834
3802
3774
3773
3801
3833
3919
3918
3916
3915
3914
3913
3872
3912
3911
3909
3910
3831
3800
3832
3730
3729
3606
3605
3604
3603
3602
3601
3600
3599
3598
3597
3596
3595
3594
3592
3591
3590
3589
3588
3587
3586
3585
3584
3723
3722
3582
3581
3580
3579
3578
3448
3447
3400
3390
3330
3360
3399
3538
3576
3577
3720
3719
3769
3756
3718
3575
3574
3573
3572
3571
3570
3569
3568
3567
3566
3565
3564
3563
3562
3561
3560
3559
3558
3557
3556
3555
3554
3553
3715
3755
3766
3791
3822
3887
3886
3885
3884
3883
3882
3995
3994
3993
3992
4046
4044
4043
4042
4041
4040
4039
4037
4036
4035
4034
4033
4219
4338
4339
4340
4341
4342
4343
4344
4345
4347
4282
4283
4266
4249
4220
4048
4049
4050
4051
4052
4053
4349
4350
4351
4314
4315
4316
4317
4284
4252
4268
4251
4267
4250
4221
4222
4223
4224
4269
4285
4353
4529
4528
4527
4526
4525
4523
4522
4521
4671
4670
4669
4520
4518
4517
4516
4515
4514
4513
4512
4511
4510
4509
4508
4507
4505
4506
4668
4722
4753
4795
4881
4882
4883
4884
4885
4886
4887
4796
4754
4723
4838
4724
4755
4797
4849
4890
4891
4892
4893
4894
4896
4897
5016
5140
5186
5201
5234
5273
5307
5323
5274
5235
5202
5142
5141
5017
5018
5019
5020
5021
5022
5023
5024
5025
5143
5203
5236
5275
5363
5362
5360
5361
5501
5502
5576
5575
5648
5695
5755
5756
5757
5758
5759
5760
5786
5699
5652
5733
5698
5651
5697
5650
5696
5649
5579
5578
5577
5503
5504
5505
5580
5506
5507
5508
5509
5583
5582
5581
5653
5700
5761
5762
5701
5621
5654
5702
5734
5763
5806
5807
5808
5809
5810
5811
5765
5764
5735
5703
5655
5622
5584
5585
5510
5586
5656
5704
5705
5657
5511
5334
5333
5332
5331
5330
5329
5328
5327
5326
5276
5371
5370
5369
5368
5325
5367
5366
5364
5365
5308
5145
5030
5031
5032
5033
5029
5028
5027
5026
4850
4801
4759
4728
4760
4802
4899
4900
4901
4902
4803
4761
4729
4804
4762
4763
4805
4851
4852
4903
4905
4906
4907
4839
4853
4908
4910
4911
4912
4806
4764
4730
4681
4564
4563
4562
4561
4560
4558
4680
4557
4556
4555
4553
4552
4679
4678
4551
4550
4677
4548
4547
4546
4545
4544
4543
4542
4676
4675
4541
4539
4538
4537
4673
4674
4727
4758
4800
4799
4757
4726
4798
4756
4725
4672
4530
4531
4532
4534
4535
4536
4358
4357
4356
4355
4354
4253
4225
4055
4056
4058
4059
4060
4061
4062
4063
4064
4065
3895
3894
3893
3892
3891
3890
3889
3888
3823
3792
3767
3717
3768
3793
3824
3866
3867
3896
3897
3898
3899
3868
3794
3825
3857
3869
3900
3901
3902
3903
3827
3796
3770
3725
3726
3728
3772
3799
3830
3771
3798
3829
3908
3907
3906
3905
3904
4091
4090
4089
4088
4230
4086
4085
4084
4082
4081
4080
4079
4078
4077
4075
4074
4073
4072
4071
4229
4228
4227
4070
4069
4068
4067
4226
4255
4254
4270
4286
4271
4287
4288
4289
4318
4360
4361
4362
4363
4364
4365
4366
4368
4369
4370
4305
4319
4372
4373
4374
4375
4376
4377
4379
4380
4467
4468
4320
4291
4306
4290
4272
4256
4092
4093
4094
4095
4097
4098
4099
4100
4231
4232
4101
4102
4103
4105
4106
4107
4108
4109
4110
4112
4113
3996
3921
3922
3924
3997
3998
3999
4000
4001
4125
4124
4123
4122
4121
4120
4119
4117
4116
4115
4114
4233
4257
4273
4292
4307
4321
4388
4389
4390
4392
4393
4394
4293
4274
4258
4234
4235
4294
4322
4395
4581
4580
4688
4713
4735
4771
4813
4814
4982
4981
4980
4979
4978
4858
4857
4856
4855
4810
4768
4809
4767
4733
4683
4575
4576
4577
4684
4685
4769
4811
4841
4812
4770
4734
4712
4687
4686
4578
4471
4470
4387
4385
4384
4383
4469
4382
4381
4566
4567
4568
4569
4570
4571
4572
4573
4682
4731
4765
4807
4840
4921
4920
4919
4918
4917
4916
4915
4914
5039
5155
5154
5153
5038
5037
5036
5152
5151
5150
5149
5148
5035
5034
5147
5146
5237
5277
5238
5278
5239
5279
5280
5240
5241
5281
5282
5040
5041
5042
5043
5044
5045
5046
4974
4975
4854
4976
4977
5052
5051
5050
5049
5048
5047
5156
5204
5242
5284
5285
5243
5309
5286
5244
5205
5187
5158
5159
5160
5188
5206
5245
5287
5161
5189
5207
5246
5289
5209
5248
5210
5249
5211
5162
5163
5053
5054
5055
5056
5057
5164
5250
5290
5384
5383
5382
5339
5381
5380
5379
5338
5337
5455
5454
5453
5452
5451
5450
5449
5448
5336
5335
5378
5377
5376
5375
5374
5373
5372
5513
5512
5587
5736
5766
5789
5790
5812
5813
5814
5815
5791
5793
5792
5767
5737
5706
5658
5623
5588
5514
5515
5516
5517
5518
5519
5520
5521
5522
5589
5590
5523
5591
5592
5524
5525
5526
5593
5594
5595
5596
5527
5664
5713
5787
5773
5772
5738
5712
5663
5711
5662
5661
5710
5771
5770
5769
5768
5709
5660
5708
5624
5659
5707
5795
5794
5879
5880
5965
6009
6044
6095
6045
6096
6147
6097
6046
6010
5966
5881
5882
5883
5884
5885
5886
5971
5972
5887
5888
5889
5890
5973
5974
5892
5893
5894
5896
5895
5975
5976
5977
5978
5897
5979
5980
5898
5899
5900
5901
5903
5797
5780
5822
5821
5779
5741
5721
5671
5627
5670
5720
5778
5820
5819
5818
5817
5777
5740
5719
5669
5626
5625
5668
5718
5739
5788
5776
5775
5774
5714
5715
5665
5666
5716
5717
5667
5599
5598
5597
5529
5530
5531
5533
5534
5600
5601
5602
5535
5536
5603
5537
5538
5539
5540
5674
5724
5723
5673
5629
5615
5604
5614
5628
5672
5722
5742
5823
5824
5825
5826
5910
6059
6110
6109
6058
6017
5982
5909
5908
5907
5906
5905
5904
5981
6016
6057
6108
6180
6181
6178
6177
6176
6175
6155
6154
6152
6153
6107
6056
6055
6106
6105
6054
6015
6053
6104
6052
6103
6151
6150
6216
6215
6123
6102
6051
6014
6013
6050
6101
6122
6100
6049
6012
5994
5970
5969
5968
5967
6098
6047
5993
6011
6048
6099
6120
6148
6211
6212
6121
6149
6213
6214
6282
6283
6284
6377
6376
6375
6374
6281
6280
6373
6372
6371
6430
6472
6431
6473
6432
6474
6522
6550
6523
6475
6433
6434
6476
6524
6477
6525
6567
6568
6647
6648
6569
6528
6480
6436
6435
6479
6527
6551
6526
6478
6378
6285
6286
6379
6380
6287
6289
6290
6291
6292
6293
6382
6381
6437
6481
6529
6530
6482
6406
6438
6483
6531
6552
6570
6649
6650
6715
6716
6951
6980
6885
6823
6850
6884
6930
6979
6978
6949
6977
6976
6905
6883
6849
6822
6904
6882
6848
6821
6810
6847
6881
6929
6928
6927
6880
6846
6879
6845
6878
6926
6925
6975
6973
6924
6903
6877
6923
6902
6820
6844
6876
6922
6921
6920
6919
6874
6842
6875
6843
6779
6778
6777
6776
6697
6698
6699
6700
6701
6780
6781
6782
6639
6638
6547
6518
6468
6427
6403
6467
6517
6560
6637
6590
6559
6636
6635
6634
6633
6632
6631
6630
6629
6628
6627
6626
6625
6513
6463
6423
6401
6363
6364
6402
6424
6464
6514
6546
6515
6465
6425
6516
6466
6426
6366
6365
6269
6270
6271
6272
6273
6274
6367
6275
6276
6368
6369
6404
6428
6470
6520
6469
6519
6548
6561
6640
6641
6642
6643
6644
6702
6783
6784
6785
6786
6787
6704
6705
6788
6706
6708
6789
6709
6710
6790
6791
6712
6711
6645
6646
6566
6565
6564
6563
6562
6549
6521
6471
6429
6405
6370
6278
6210
6209
6146
6208
6207
6173
6145
6206
6205
6203
6202
6144
6201
6200
6143
6091
6040
6092
6041
6006
6007
6042
6093
6118
6119
6094
6043
6008
5964
5877
5963
5876
5962
5961
5874
5873
5871
5870
5960
5959
5869
5868
5958
6005
6039
6090
6268
6267
6266
6361
6362
6400
6422
6462
6512
6545
6461
6421
6511
6558
6510
6460
6509
6459
6420
6359
6360
6265
6264
6263
6261
6260
6358
6419
6458
6508
6259
6257
6256
6357
6457
6506
6507
6557
6623
6622
6621
6620
6619
6618
6617
6616
6615
6614
6613
6670
6671
6756
6672
6673
6674
6675
6676
6677
6678
6763
6764
6765
6680
6681
6682
6683
6766
6684
6685
6767
6686
6687
6768
6769
6688
6689
6690
6770
6771
6691
6818
6840
6871
6901
6917
6772
6693
6773
6774
6695
6696
6775
6819
6841
6873
6872
6918
6972
6971
6970
6969
6968
6967
6946
6916
6870
6817
6839
6869
7038
7141
7140
7187
7211
7186
7210
7185
7239
7209
7208
7238
7271
7272
7273
7274
7275
7276
7240
7212
7266
7188
7213
7241
7277
7418
7524
7525
7526
7419
7420
7421
7527
7528
7588
7622
7566
7589
7623
7660
7659
7658
7657
7621
7587
7561
7565
7586
7620
7647
7619
7585
7584
7618
7617
7583
7520
7521
7522
7417
7416
7415
7414
7413
7412
7411
7410
7409
7408
7407
7406
7405
7404
7518
7564
7615
7563
7560
7562
7582
7614
7653
7723
7690
7691
7724
7692
7725
7693
7654
7655
7656
7726
7727
7798
7797
7796
7795
7794
7793
7792
7791
7908
7909
8078
8018
7910
7800
7801
7802
7803
7804
7805
7806
7807
7809
7810
7811
7661
7624
7648
7529
7422
7423
7424
7530
7531
7425
7426
7625
7590
7567
7532
7427
7428
7429
7430
7533
7535
7431
7359
7358
7357
7356
7355
7282
7283
7268
7244
7216
7190
7180
7215
7243
7281
7354
7352
7351
7350
7280
7279
7349
7348
7347
7346
7345
7344
7343
7278
7267
7242
7214
7189
7145
7144
7143
7142
7040
7041
7042
7043
7044
7045
7046
7146
7147
7148
7149
7048
7050
7150
7151
7152
7153
7181
7191
7217
7245
7246
7218
7192
7154
7052
7053
7054
7155
7055
7056
7057
7156
7247
7313
7284
7285
7314
7286
7250
7249
7248
7219
7157
7058
7158
7159
7160
7059
7060
7129
7061
7062
7063
7064
7065
7066
7251
7319
7362
7320
7321
7363
7323
7324
7325
7364
7326
7327
7365
7328
7220
7085
7084
7083
7082
7081
7080
7131
7079
7078
7077
7076
7074
7073
7072
7071
7070
7130
7069
7068
6982
6983
6952
6984
6953
6724
6723
6722
6721
6758
6720
6719
6718
6573
6572
6571
6532
6484
6533
6485
6439
6387
6386
6385
6384
6383
6295
6296
6297
6298
6299
6300
6301
6302
6303
6304
6305
6306
6390
6389
6388
6440
6488
6536
6535
6487
6486
6534
6574
6575
6594
6651
6576
6537
6489
6538
6490
6391
6307
6308
6111
6060
5912
5725
5675
5541
5463
5462
5400
5399
5398
5397
5295
5171
5083
4940
4941
4942
4943
4821
4777
4740
4696
4618
4617
4616
4615
4614
4613
4612
4611
4610
4694
4609
4608
4607
4606
4693
4739
4776
4820
4844
4861
4939
4938
4988
4987
4937
4936
4985
4986
4860
4843
4818
4775
4738
4737
4774
4817
4935
4934
4933
4932
4931
4930
4714
4736
4773
4816
4842
4983
4984
5063
5064
5065
5066
5167
5168
5169
5067
5068
5069
5070
5071
5072
5073
5074
5075
5076
5077
5078
5079
5080
5081
5082
5170
5215
5254
5294
5396
5395
5394
5393
5392
5391
5390
5389
5388
5387
5386
5385
5342
5312
5341
5459
5458
5311
5293
5253
5214
5213
5252
5292
5291
5251
5212
5165
5062
5061
5060
5059
5058
4928
4927
4926
4924
4923
4922
4859
4815
4772
4690
4583
4584
4585
4586
4587
4588
4590
4591
4592
4593
4691
4595
4596
4597
4598
4599
4600
4601
4602
4692
4605
4604
4603
4412
4413
4414
4415
4416
4417
4418
4419
4420
4421
4422
4297
4423
4424
4425
4426
4427
4429
4430
4431
4260
4276
4298
4310
4326
4476
4477
4475
4474
4619
4620
4621
4622
4623
4624
4697
4824
4780
4743
4716
4698
4433
4434
4435
4436
4437
4438
4478
4479
4327
4480
4481
4439
4440
4441
4442
4627
4626
4699
4717
4744
4781
4825
4826
4998
4997
4996
4995
4994
4993
4992
4991
4990
4989
4845
4823
4779
4742
4715
4741
4778
4822
4946
4945
4944
5084
5085
5086
5087
5088
5090
5091
5092
5093
5095
5094
5172
5216
5255
5296
5313
5343
5402
5403
5404
5405
5464
5465
5466
5467
5406
5408
5407
5344
5314
5297
5256
5217
5173
5097
5098
5099
5100
5174
5175
5298
5345
5346
5475
5477
5543
5542
5726
5983
6124
6156
6312
6311
6393
6392
6442
6492
6443
6539
6578
6441
6491
6577
6725
6792
6793
6794
6795
6796
6888
6889
6935
6934
6933
6932
6931
6906
6887
6851
6824
6886
7088
7086
7161
7162
7221
7252
7287
7288
7253
7222
7193
7164
7163
7089
7090
7091
7092
7094
7165
7166
7269
7289
7478
7545
7544
7543
7477
7476
7542
7474
7473
7472
7470
7469
7468
7467
7512
7466
7465
7464
7463
7461
7460
7459
7458
7457
7511
7456
7455
7454
7453
7317
7361
7316
7315
7360
7444
7445
7510
7447
7448
7449
7450
7451
7695
7729
7696
7697
7730
7698
7699
7700
7731
7701
7702
7732
7703
7704
7705
7733
7706
7707
7734
7709
7710
7633
7597
7634
7665
7666
7667
7735
7859
7858
7933
7932
7983
8039
7984
8040
7985
8101
8137
8136
8171
8170
8135
8100
8038
7931
7856
7855
7854
7853
7852
7851
7848
7850
7930
8036
8098
8097
8035
7982
7929
7981
8034
8096
8095
8033
7980
7928
7847
7846
7845
7844
7843
7842
7841
7839
7838
7837
7836
7835
7834
7832
7833
7923
7977
8030
8092
8165
8164
8134
8133
8132
8131
8091
8027
8090
8026
8024
8088
8087
8023
7915
7916
7917
7825
7826
7827
7828
7918
7919
7920
7950
7974
8028
7975
8029
7976
7921
7830
7829
7694
7728
7674
7664
7631
7595
7630
7594
7539
7443
7442
7441
7440
7439
7438
7436
7435
7538
7434
7433
7432
7537
7536
7591
7626
7662
7663
7627
7592
7568
7628
7824
7823
7821
7820
7819
7818
7817
7914
7912
7815
7814
7813
7812
7972
8084
8021
8085
8022
8086
8126
8127
8161
8162
8128
8129
8130
8163
8174
8247
8248
8249
8250
8251
8252
8358
8357
8417
8467
8525
8468
8526
8566
8587
8588
8817
8710
8711
8712
8529
8471
8420
8530
8472
8421
8363
8362
8361
8419
8470
8528
8527
8469
8418
8359
8253
8254
8255
8256
8257
8258
8259
8260
8261
8262
8166
8167
8094
8032
7979
7924
7925
7926
8168
8169
8271
8270
8269
8268
8267
8266
8320
8265
8264
8365
8364
8422
8473
8531
8532
8589
8608
8590
8591
8609
8724
8723
8824
8784
8725
8726
8728
8729
8730
8731
8732
8592
8534
8423
8390
8367
8272
8273
8274
8275
8368
8369
8276
8277
8370
8371
8278
8279
8280
8282
8372
8479
8539
8478
8538
8477
8537
8536
8476
8424
8475
8535
8568
8569
8570
8571
8572
8573
8593
8595
8540
8480
8425
8541
8481
8426
8542
8482
8427
8375
8374
8373
8283
8284
8285
8287
8288
8289
8290
8376
8291
8292
8377
8543
8574
8596
8752
8751
8830
8976
8991
9001
9123
9122
9121
9120
9119
9118
9149
9150
9155
9158
9168
9154
9167
9219
9196
9195
9218
9217
9109
9110
9111
9112
9113
9142
9114
9115
9116
9117
9061
9062
9063
9064
8973
8875
8919
8974
8975
8920
8876
8827
8828
8829
8750
8749
8748
8746
8745
8744
8742
8741
8740
8739
8738
8737
8736
8826
8825
8735
8734
8733
8917
8971
8918
8972
9000
8999
9040
9039
9038
9037
9060
9036
9034
9059
9033
8970
8874
8916
8969
8968
8915
8873
8872
8914
8967
8966
8913
8871
8820
8821
8822
8823
8722
8721
8720
8718
8717
8716
8715
8714
8713
8819
8818
8870
8912
8965
8911
8869
8964
8998
8990
9031
9030
8997
8963
8910
8816
8709
8708
8707
8706
8705
8704
8815
8868
8909
8962
8961
8908
8867
8814
8703
8702
8701
8700
8699
8523
8465
8415
8355
8416
8466
8524
8356
8246
8245
8244
8243
8242
8241
8354
8414
8464
8522
8565
8564
8563
8519
8461
8462
8520
8521
8463
8413
8353
8240
8239
8238
8351
8350
8349
8518
8460
8412
8348
8235
8236
8237
8083
7971
8081
7969
8080
8173
8160
8159
8158
8124
8157
8156
8123
8122
8077
8017
7968
7949
7967
8016
8076
8015
8075
8074
8014
7966
7907
7790
7788
7787
7786
7785
7784
7783
7782
7781
7780
7906
7905
7965
8012
8072
8013
8073
8121
8153
8154
8219
8220
8221
8223
8224
8319
8225
8226
8227
8229
8230
8345
8346
8231
8232
8233
8234
8347
8411
8459
8517
8515
8458
8410
8514
8457
8409
8343
8408
8456
8513
8607
8586
8606
8585
8584
8605
8583
8604
8152
8151
8120
8119
8071
8011
8010
8070
8069
8009
7964
7902
7903
7904
7778
7777
7776
7775
7774
7773
7901
7900
7963
8008
8068
8067
8007
7962
7961
8006
8066
8065
8064
8005
7960
7896
7959
8004
8063
8062
8003
7958
7957
8002
8061
8060
8118
8117
8113
7892
7893
7894
7761
7762
7763
7895
7764
7765
7766
7767
7768
7897
7898
7899
7769
7770
7771
7772
7612
7581
7401
7402
7403
7310
7309
7341
7308
7307
7340
7305
7304
7303
7339
7302
7301
7338
7300
7299
7298
7337
7297
7296
7336
7380
7381
7508
7382
7383
7384
7385
7386
7387
7388
7389
7390
7509
7391
7392
7393
7394
7395
7397
7398
7399
7400
7517
7516
7580
7610
7611
7652
7651
7689
7688
7721
7687
7686
7720
7685
7684
7683
7719
7682
7681
7718
7680
7650
7649
7678
7679
7609
7579
7514
7515
7379
7378
7377
7376
7375
7374
7373
7372
7371
7507
7370
7369
7506
7505
7558
7578
7608
7646
7503
7502
7557
7556
7555
7554
7553
7552
7551
7550
7549
7548
7572
7599
7637
7638
7600
7573
7574
7601
7639
7640
7602
7575
7641
7603
7576
7577
7604
7642
7643
7605
7644
7606
7607
7645
7672
7671
7670
7669
7874
7875
7876
7877
7878
7879
7880
7881
7882
7675
7716
7676
7677
7717
7741
7740
7739
7883
7884
7742
7743
7744
7746
7885
7747
7748
7749
7750
7886
8056
7998
7887
7888
7751
7752
7753
7754
7755
7756
7757
7758
7759
7760
7891
7890
7956
8001
8059
8058
8000
7955
7889
7954
7999
8057
8149
8148
8116
8055
8054
7953
7997
8053
8115
8146
8147
8145
8144
8114
8052
7996
7952
7995
8051
8112
8049
8111
8048
7992
7993
7948
7947
7946
7945
7991
8047
8110
7944
7943
7873
7872
7871
7870
7869
7868
7867
7866
7865
7938
7939
7940
7941
7942
7990
8046
8109
7989
8045
8108
8107
8044
7988
8043
8106
8105
8140
8141
8306
8307
8308
8309
8310
8311
8383
8382
8381
8431
8487
8548
8488
8549
8550
8489
8432
8384
8386
8387
8312
8313
8314
8315
8316
8317
8389
8322
8323
8324
8177
8178
8179
8326
8180
8181
8182
8183
8184
8185
8186
8188
8189
8318
8190
8191
8192
8193
8194
8195
8196
8197
8198
8199
8200
8201
8202
8203
8204
8205
8206
8207
8336
8208
8209
8210
8211
8212
8213
8215
8216
8217
8341
8340
8511
8406
8454
8510
8508
8452
8404
8507
8451
8403
8339
8337
8402
8450
8506
8505
8449
8401
8335
8400
8448
8504
8503
8447
8399
8334
8333
8332
8331
8398
8446
8502
8501
8445
8397
8396
8444
8500
8582
8581
8603
8580
8579
8602
8578
8498
8442
8395
8329
8328
8327
8394
8441
8497
8496
8440
8393
8495
8439
8392
8391
8438
8494
8559
8556
8555
8554
8492
8435
8388
8434
8491
8553
8433
8490
8552
8551
8576
8575
8546
8485
8547
8486
8430
8429
8484
8545
8544
8483
8428
8378
8379
8380
8305
8304
8303
8302
8301
8300
8299
8298
8297
8296
8295
8294
8293
8321
8286
8281
8263
8366
8360
8474
8533
8567
8594
8610
8597
8598
8611
8599
8600
8760
8759
8758
8757
8756
8755
8754
8753
8785
8747
8743
8727
8719
8693
8687
8681
8665
8661
8783
8647
8641
8631
8621
8612
8787
8788
8844
8884
8935
8993
9019
9054
9023
9025
9058
9032
9035
9041
9065
9042
9043
9066
9107
9108
9124
9125
9126
9143
9127
9128
9129
9130
9004
9003
9002
9045
9044
8977
8921
8877
8922
8978
8979
8923
8924
8980
8981
9005
9046
9047
9007
9008
9048
9049
8988
8987
8931
8881
8930
8986
8985
8929
8984
8928
8880
8927
8983
8982
8926
8879
8925
8878
8834
8833
8832
8831
8761
8762
8763
8764
8765
8835
8766
8767
8768
8769
8836
8837
8838
8770
8771
8772
8773
8774
8840
8775
8776
8777
8841
8842
8778
8779
8613
8614
8615
8616
8617
8618
8781
8619
8620
8622
8623
8624
8625
8626
8627
8628
8782
8629
8630
8632
8633
8634
8635
8636
8637
8638
8639
8640
8642
8643
8644
8645
8646
8648
8649
8650
8794
8850
8890
8941
8940
8939
8888
8848
8889
8849
8793
8792
8791
8790
8789
8845
8885
8936
8937
8886
8846
8847
8887
8938
9018
9017
9078
9077
9076
9075
9138
9074
9073
9072
9053
9016
9015
9052
9014
9013
9012
8786
8843
8883
8934
9009
9050
9010
9011
9051
9070
9071
9203
9177
9204
9205
9178
9179
9206
9255
9254
9253
9252
9251
9377
9250
9249
9248
9247
9246
9245
9243
9242
9241
9376
9240
9239
9237
9236
9235
9234
9233
9232
9231
9375
9230
9229
9392
9228
9227
9374
9373
9412
9406
9415
9421
9500
9422
9423
9501
9424
9425
9427
9502
9428
9429
9503
9430
9431
9432
9504
9433
9434
9505
9435
9436
9437
9507
9438
9439
9508
9256
9257
9258
9259
9379
9260
9261
9263
9264
9265
9266
9268
9393
9394
9269
9270
9395
9396
9271
9272
9380
9273
9274
9276
9277
9278
9279
9281
9282
9283
9381
9284
9285
9287
9288
9289
9290
9291
9292
9293
9382
9294
9295
9296
9297
9298
9299
9300
9301
9302
9383
9303
9304
9305
9307
9306
9214
9192
9191
9213
9212
9211
9190
9097
9098
9099
9100
9101
9141
9102
9103
9104
9105
8958
8905
8865
8810
8864
8904
8957
9027
9026
8995
8956
8903
8809
8808
8807
8863
8902
8955
8954
8901
8862
8806
8805
8861
8900
8953
8952
8899
8860
8804
8859
8898
8951
8950
8897
8858
8803
8802
8801
8857
8896
8949
8856
8895
8948
9057
9024
9056
9022
9095
9096
9162
9189
9188
9210
9187
9186
9209
9185
9184
9183
9208
9182
9181
9207
9180
9161
9152
9079
9080
9139
9081
9082
9083
9084
9085
9086
9087
9088
9089
9140
9090
9091
9092
9093
9094
9021
9055
9020
8947
8855
8946
8945
8894
8854
8798
8853
8893
8944
8994
8989
8943
8892
8852
8942
8891
8851
8795
8651
8652
8653
8654
8796
8797
8655
8656
8657
8658
8799
8800
8659
8660
8662
8663
8664
8666
8667
8668
8669
8670
8671
8672
8673
8674
8675
8676
8677
8678
8679
8680
8682
8683
8684
8685
8686
8688
8689
8690
8691
8692
8694
8695
8696
8697
8698
8813
8812
8811
8866
8906
8959
8907
8960
8996
9028
9029
9163
9153
9146
9106
9147
9148
9166
9172
9165
9157
9164
9173
9174
9311
9312
9384
9313
9314
9316
9317
9318
9319
9320
9194
9216
9321
9322
9385
9323
9324
9325
9326
9327
9329
9330
9331
9332
9386
9334
9335
9336
9337
9338
9339
9340
9341
9388
9342
9343
9344
9345
9346
9347
9197
9220
9350
9349
9410
9405
9485
9525
9484
9483
9524
9482
9409
9481
9523
9480
9479
9522
9478
9477
9476
9521
9474
9473
9520
9472
9471
9470
9519
9469
9467
9518
9466
9408
9397
9310
9309
9465
9464
9517
9462
9461
9516
9460
9459
9458
9515
9457
9456
9514
9455
9454
9453
9513
9452
9451
9512
9450
9449
9448
9510
9447
9445
9509
9444
9418
9413
9407
9443
9417
9402
9404
9401
9403
9400
9416
9442
9440
9573
9571
9570
9569
9568
9566
9565
9678
9564
9563
9562
9561
9560
9559
9558
9557
9556
9676
9555
9554
9553
9552
9551
9550
9548
9547
9546
9675
9545
9544
9542
9541
9540
9539
9538
9537
9536
9674
9535
9534
9533
9796
9722
9797
9723
9724
9798
9725
9726
9728
9799
9729
9730
9800
9731
9732
9733
9801
9734
9735
9802
9736
9737
9738
9804
9739
9740
9805
9741
9743
9716
9717
9703
9702
9699
9701
9690
9691
9574
9575
9576
9577
9578
9579
9679
9580
9581
9582
9583
9584
9586
9587
9589
9590
9680
9591
9592
9594
9595
9596
9597
9598
9599
9681
9600
9601
9602
9603
9604
9605
9606
9692
9607
9608
9682
9609
9610
9611
9612
9614
9615
9616
9693
9694
9617
9618
9683
9620
9621
9622
9623
9624
9625
9626
9627
9628
9684
9629
9630
9631
9632
9633
9635
9636
9637
9639
9685
9640
9641
9642
9643
9644
9645
9646
9696
9695
9774
9775
9776
9819
9777
9778
9820
9779
9708
9709
9720
9721
9780
9710
9648
9822
9950
9951
9995
10006
10088
10087
10124
10147
10146
10076
10077
10078
10121
10079
10081
10122
10082
10083
10084
10123
10085
10086
9949
9948
9947
9946
9945
9982
9944
9943
9942
9940
9939
9938
9937
9935
9934
9981
9933
9932
9931
9930
9929
9928
9927
9818
9772
9771
9817
9770
9769
9768
9816
9767
9766
9815
9764
9719
9712
9707
9763
9762
9814
9760
9759
9813
9758
9718
9706
9700
9705
9757
9812
9756
9755
9811
9754
9704
9753
9810
9752
9751
9809
9750
9749
9748
9807
9746
9745
9806
9744
9870
9869
9992
9991
9990
9989
9988
9867
9866
9865
9864
9863
9862
9861
9860
9973
9859
9858
9857
9856
9855
9854
9853
9851
9850
9972
9849
9848
9846
9845
9844
9843
9842
9841
9840
9971
9839
9838
9837
9836
9835
9834
9833
9832
9831
9970
9830
9829
9987
10020
10099
10021
10022
10100
10023
10024
10025
10101
10026
10027
10102
10028
10029
10031
10103
10032
10033
10104
10034
10035
10036
10105
10037
10038
10106
10039
10014
10010
10001
9999
10002
10003
10017
10018
10041
10042
10044
10045
10046
9872
9873
9874
9875
9975
9876
9877
9878
9879
9880
9881
9883
9884
9976
9885
9886
9887
9889
9890
9891
9892
9894
9895
9977
9896
9897
9898
9899
9900
9901
9902
9903
9904
9978
9905
9906
9907
9908
9909
9910
9911
10005
9993
9994
9913
9914
9979
9915
9916
9917
9918
9919
9920
9921
9923
9924
9980
9925
9926
10075
10120
10145
10074
10119
10073
10071
10070
10144
10118
10069
10068
10117
10067
10143
10065
10064
10116
10063
10062
10115
10061
10142
10060
10059
10114
10058
10057
10113
10141
10056
10055
10054
10112
10053
10052
10110
10051
10140
10139
10049
10004
10109
10048
10047
10108
10138
10137
10135
10016
10015
10040
10134
10133
10132
10131
10130
10129
10009
10000
9986
9997
9969
9795
9794
9793
9827
9792
9791
9826
9790
9789
9788
9825
9787
9786
9824
9785
9784
9783
9957
9958
9959
9960
9984
9961
9962
9963
9964
9965
9966
9967
9968
10007
10150
10098
10097
10096
10128
10095
10094
10127
10149
10093
10092
10091
10126
10090
10089
10125
10148
10136
10030
10107
10043
10050
10111
10066
10072
10080
9956
9955
9954
9953
9952
9983
9941
9936
9922
9912
9893
9888
9882
9871
9868
9974
9852
9847
9985
9996
10008
10013
10019
10011
10012
9998
9828
9714
9711
9713
9715
9727
9803
9742
9747
9808
9761
9765
9773
9821
9781
9782
9823
9652
9651
9650
9649
9647
9686
9638
9634
9619
9613
9593
9588
9585
9572
9567
9677
9549
9543
9689
9697
9698
9532
9414
9411
9419
9420
9426
9506
9441
9446
9511
9463
9468
9475
9526
9486
9487
9527
9653
9654
9655
9656
9687
9657
9658
9659
9660
9661
9662
9663
9664
9665
9688
9666
9667
9668
9669
9670
9671
9672
9673
9499
9498
9531
9497
9496
9530
9495
9494
9493
9529
9492
9491
9528
9490
9489
9488
9355
9356
9357
9358
9389
9359
9360
9361
9362
9363
9364
9365
9366
9367
9390
9368
9369
9370
9372
9371
9200
9224
9201
9202
9225
9175
9176
9160
9069
9068
9137
9136
9135
9134
9133
9144
9132
9131
9156
9170
9223
9199
9198
9222
9221
9215
9193
9354
9353
9352
9351
9348
9387
9333
9328
9315
9308
9286
9280
9275
9267
9262
9378
9244
9238
9399
9398
9391
9226
9171
9169
9159
9151
9145
9067
8932
8992
9006
8933
8882
8839
8780
8601
8577
8560
8561
8562
8509
8512
8516
8455
8407
8453
8405
8338
8342
8344
8352
8228
8222
8218
8214
8187
8176
8385
8325
8330
8557
8499
8443
8493
8437
8558
8436
8175
8143
7951
8172
8050
7994
7745
7864
7738
7673
7635
7668
7715
7722
7613
7616
7523
7519
7396
7504
7547
7559
7368
7270
7254
7234
7205
7182
7133
7134
7183
7206
7235
7306
7342
7311
7312
7353
7318
7322
7329
7366
7330
7331
7367
7332
7333
7486
7485
7484
7483
7482
7481
7480
7479
7513
7475
7471
7462
7452
7446
7437
7534
7569
7593
7629
7632
7596
7570
7540
7541
7708
7857
7849
7840
7831
7822
7816
7808
7799
7779
7789
7911
7913
7922
7927
7978
8093
8031
7973
8025
8089
8082
8020
7970
8019
8079
8150
8155
8125
8142
8099
8037
8102
8138
8139
7986
8041
8103
8104
8042
7987
7936
7937
7863
7862
7861
7860
7935
7934
7736
7711
7712
7737
7713
7714
7636
7598
7571
7546
7487
7488
7489
7490
7491
7492
7493
7494
7495
7496
7497
7498
7499
7500
7501
7261
7229
7200
7201
7230
7262
7202
7231
7263
7264
7232
7203
7265
7233
7204
7178
7177
7176
7175
7174
7173
7172
7199
7228
7260
7259
7227
7198
7170
7197
7226
7258
7257
7225
7196
7195
7224
7256
7255
7223
7194
7167
7168
7169
7107
7108
7109
7110
7111
7112
7113
7114
7115
7116
7117
7118
7119
7120
7121
7122
7123
6989
6990
7290
7334
7291
7292
7335
7293
7294
7295
7124
6991
6992
6993
6994
6995
6997
6998
6999
7000
7125
7002
7003
7004
7005
7006
6963
6962
6937
6961
6659
6660
6662
6663
6664
6755
6938
6939
6964
7007
7008
7009
7010
7126
7012
7013
7014
7015
7016
7017
7018
7019
7020
7127
7022
7023
7024
7025
7026
7028
7029
7030
7031
7135
7184
7207
7236
7237
7032
7033
7034
7136
7137
7138
7139
7036
7035
6914
6915
6868
6838
6816
6815
6837
6814
6836
6867
6813
6809
6835
6866
6913
6912
6900
6865
6944
6943
6966
6942
6941
6965
6940
6864
6812
6669
6667
6666
6665
6587
6586
6611
6585
6584
6610
6583
6555
6542
6496
6447
6409
6346
6347
6232
6233
6234
6235
6337
6236
6237
6238
6239
6240
6241
6242
6243
6244
6348
6410
6448
6497
6498
6449
6411
6349
6245
6246
6247
6249
6350
6412
6450
6499
6543
6556
6500
6451
6413
6351
6352
6250
6252
6253
6254
6353
6414
6452
6501
6544
6502
6453
6415
6396
6354
6397
6416
6454
6503
6355
6398
6417
6455
6504
6505
6456
6418
6399
6356
6138
6139
6140
6084
6035
6085
6116
6086
6141
6196
6197
6198
6199
6142
6089
6038
5867
5957
6004
6037
6088
6117
6087
6036
6003
5956
5865
5864
5863
5861
5955
5954
5953
5860
5952
5951
5950
5949
5992
6002
6034
6081
6082
6083
6137
6194
6193
6192
6191
6190
6136
6135
6078
6077
6030
6000
6031
6032
6079
6115
6080
6033
6001
5991
5948
5947
5946
5855
5857
5858
5859
5805
5804
5803
5802
5801
5800
5754
5753
5752
5751
5690
5643
5644
5691
5732
5692
5645
5619
5612
5573
5613
5620
5646
5693
5694
5647
5574
5500
5443
5442
5441
5440
5305
5271
5232
5199
5185
5198
5270
5269
5138
5139
5015
5014
5137
5268
5267
5231
5196
5184
5135
5134
5183
5195
5230
5266
5304
5435
5436
5437
5438
5439
5322
5359
5499
5572
5571
5570
5569
5498
5497
5568
5567
5496
5495
5494
5493
5492
5564
5565
5566
5618
5642
5689
5750
5749
5688
5641
5640
5687
5686
5639
5617
5638
5685
5747
5748
5785
5849
5848
5847
5846
5940
5941
5942
5943
5944
5850
5851
5853
5854
5945
5999
6028
6075
6029
6076
6165
6169
6134
6133
6074
6027
5998
6026
6073
6072
6025
6071
6132
6164
6070
6024
6069
6023
5997
5939
5845
5844
5843
5841
5840
5839
5838
5937
6022
6068
6168
6167
6131
6163
6067
6021
5936
5935
6018
6065
6020
6066
6162
6129
6128
6166
6127
6064
6161
6160
6334
6335
6395
6336
6222
6343
6223
6224
6225
6226
6227
6229
6230
6345
6495
6446
6408
6344
6445
6494
6554
6580
6581
6861
6833
6860
6899
6898
6859
6832
6806
6807
6752
6753
6754
6609
6493
6444
6407
6541
6579
6608
6607
6657
6606
6605
6656
6604
6603
6602
6333
6332
6331
6330
6329
6341
6328
6327
6326
6325
6324
6323
6322
6321
6320
6340
6319
6318
6317
6316
6315
6314
6313
6310
6309
6339
6294
6288
6279
6277
6262
6258
6255
6251
6248
6338
6231
6228
6394
6540
6582
6612
6588
6589
6624
6591
6592
6593
6652
6595
6596
6653
6597
6598
6599
6654
6600
6601
6655
6737
6738
6739
6740
6741
6742
6743
6801
6802
6803
6744
6745
6746
6747
6748
6749
6750
6751
6805
6804
6831
6858
6897
6896
6857
6830
6895
6856
6829
6828
6855
6894
6936
6907
6893
6854
6827
6800
6798
6797
6826
6853
6892
6891
6852
6825
6736
6735
6734
6733
6732
6731
6730
6759
6729
6728
6727
6726
6717
6714
6713
6707
6703
6757
6694
6692
6679
6762
6863
6911
6945
6947
6974
6948
6950
6981
6954
6955
6956
6985
6957
6958
6986
6959
6960
7106
7105
7104
7103
7102
7101
7100
7099
7098
7097
7096
7095
7132
7093
7087
7075
7067
7051
7049
7047
7039
7037
7128
7027
7021
7011
7001
6996
6988
7171
7179
6987
6909
6890
6908
6910
6862
6834
6811
6761
6668
6661
6760
6799
6808
6658
6553
6342
6221
6114
5933
5830
5781
5679
5605
5727
5730
5678
5616
5610
5609
5608
5556
5555
5553
5478
5476
5474
5473
5472
5471
5470
5424
5350
5349
5302
5221
5315
5347
5317
5321
5306
5272
5233
5200
5197
5229
5191
5222
5220
5177
5127
5136
5144
5157
5166
5089
5096
5125
5101
5102
5103
5104
5105
5208
5247
5288
5310
5283
5324
5444
5445
5446
5447
5816
5796
5827
5828
5798
5799
5829
5927
5926
5925
5924
5923
5932
5922
5921
5920
5919
5918
5917
5916
5915
5914
5931
5913
5911
5902
5891
5878
5875
5872
5866
5862
5930
5856
5852
5938
5842
5837
5831
5984
5990
5995
5996
6019
6063
6125
6157
6130
6170
6195
6171
6172
6204
6174
6179
6182
6217
6183
6184
6218
6185
6186
6187
6219
6188
6220
6189
6061
6062
6112
6158
6159
6126
6113
5986
5985
5928
5929
5987
5988
5989
5934
5832
5833
5834
5835
5836
5784
5746
5684
5637
5560
5561
5562
5563
5491
5490
5489
5488
5487
5486
5434
5433
5432
5431
5430
5429
5428
5427
5426
5425
5358
5357
5356
5355
5354
5353
5352
5351
5480
5559
5481
5482
5483
5484
5485
5636
5683
5682
5611
5635
5681
5731
5745
5744
5743
5680
5634
5558
5557
5479
5552
5551
5607
5606
5632
5677
5633
5729
5783
5782
5676
5631
5728
5630
5418
5419
5420
5421
5300
5258
5219
5422
5423
5348
5316
5301
5179
5124
5000
5001
5002
5003
5004
5005
5006
5007
5008
5180
5190
5223
5259
5303
5126
5181
5192
5224
5260
5261
5225
5193
5182
5128
5009
5010
5011
5012
5131
5130
5129
5194
5226
5262
5263
5227
5228
5264
5318
5319
5320
5265
5133
5132
5013
4973
4972
4971
4970
4969
4847
4880
4879
4878
4877
4876
4875
4790
4749
4719
4750
4791
4837
4792
4751
4720
4710
4794
4793
4752
4721
4711
4666
4665
4664
4504
4503
4502
4501
4500
4499
4498
4497
4496
4495
4494
4493
4662
4718
4748
4789
4874
4873
4872
4871
4870
4869
4868
4867
4968
4967
4966
4836
4747
4787
4835
4834
4786
4746
4706
4708
4657
4658
4659
4660
4661
4709
4484
4485
4486
4487
4488
4489
4490
4491
4492
4466
4331
4332
4333
4334
4335
4336
4337
4281
4265
4248
4032
4031
4030
4029
4028
4027
4026
4025
4024
4023
4022
4021
3974
3975
3864
3854
3760
3785
3814
3853
3973
3972
3971
3970
3969
3967
3966
3965
3964
3963
3962
4213
4214
4215
4216
4217
4218
4247
4264
4280
4304
4464
4463
4462
4461
4656
4655
4654
4653
4652
4651
4650
4649
4648
4647
4646
4645
4644
4643
4704
4642
4641
4640
4639
4638
4637
4636
4635
4634
4633
4447
4446
4445
4444
4443
4328
4483
4482
4625
4628
4629
4630
4631
4632
4700
4701
4702
4703
4785
4832
4865
4956
4957
4958
4959
4960
4961
4962
4963
4964
4965
5123
5122
5121
5120
5178
5119
5118
5117
5116
5115
5114
5113
5176
5218
5257
5299
5417
5416
5415
5414
5413
5550
5549
5548
5547
5554
5546
5545
5544
5532
5528
5456
5457
5340
5460
5461
5401
5468
5409
5410
5469
5411
5412
5106
5107
5108
5109
5110
5111
5112
4955
4954
4953
4952
4951
4831
4745
4784
4830
4828
4783
4782
4827
4864
4863
4950
4949
4948
4947
4862
4929
4925
4913
4909
4904
4898
4895
4889
4888
4848
4846
4999
4866
4788
4833
4829
4705
4707
4663
4667
4808
4766
4732
4689
4819
4695
4594
4589
4582
4579
4574
4565
4559
4554
4549
4540
4533
4524
4519
4465
4346
4348
4352
4359
4367
4371
4378
4386
4391
4401
4407
4411
4428
4432
4312
4300
4278
4262
4301
4329
4448
4449
4450
4451
4452
4453
4313
4330
4454
4455
4456
4457
4458
4459
4460
4303
4302
4279
4263
4245
4246
4212
4211
4210
4209
4208
4207
4206
4205
4204
4203
4244
4202
4201
4200
4199
4198
4197
4196
4195
4243
4194
4193
4192
4191
4190
4189
4188
4242
4184
4174
4170
4164
4149
4142
4134
4126
4118
4111
4104
4096
4087
4083
4076
4066
4057
4054
4047
4045
4038
4020
3968
3881
3850
3747
3702
3713
3716
3816
3820
3826
3795
3797
3828
3870
3871
3917
3920
3923
3927
3930
3935
3944
3948
3950
3951
3952
4018
4019
3880
3849
3863
3848
3811
3782
3746
3677
3676
3675
3674
3673
3671
3665
3662
3651
3644
3637
3633
3628
3621
3614
3607
3593
3727
3724
3721
3583
3451
3455
3458
3366
3334
3316
3292
3298
3341
3376
3481
3482
3485
3414
3496
3500
3506
3507
3508
3509
3510
3511
3380
3347
3322
3304
3381
3305
3247
3246
3245
3243
3242
3241
3240
3239
3238
3237
3236
3235
3234
3233
3232
3231
3230
3220
3213
3199
3190
3186
3182
3177
3168
3155
3144
3140
3134
3130
3277
3271
3352
3515
3383
3267
3244
2974
2956
2945
2875
2683
2694
2847
2851
2855
2744
2751
2758
2771
2781
2865
2893
2910
2936
2925
2921
2957
2961
2962
3022
3027
3049
3052
3057
3058
3059
3060
2940
2912
2894
2872
2812
2811
2810
2809
2808
2802
2796
2791
2637
2485
2521
2558
2553
2512
2477
2503
2546
2545
2535
2412
2258
2256
2254
2449
2413
2293
2302
2319
2423
2429
2336
2370
2384
2385
2386
2387
2388
2447
2389
2390
2391
2392
2393
2394
2456
2468
2496
2536
2544
2448
2457
2469
2497
2537
2538
2498
2470
2458
2450
2395
2396
2397
2398
2399
2400
2401
2402
2403
2404
2405
2406
2453
2452
2451
2471
2499
2539
2540
2500
2541
2501
2472
2454
2407
2408
2259
2260
2261
2262
2263
2264
2265
2266
2267
2268
2269
2270
2271
2272
2414
2504
2502
2547
2582
2581
2580
2579
2578
2577
2576
2575
2574
2573
2650
2649
2648
2572
2571
2647
2646
2645
2672
2671
2670
2669
2668
2667
2666
2665
2664
2663
2662
2661
2467
2495
2534
2644
2643
2660
2813
2814
2815
2816
2817
2818
2819
2820
2821
2822
2823
2824
2825
2826
2827
2873
2895
2913
2941
3061
3062
3063
3064
3065
3066
3067
3068
3069
3070
2942
2914
2896
2874
2828
2829
2830
2831
2832
2833
2834
2876
2877
2878
2835
2836
2837
2879
2880
2673
2841
2949
2977
2976
2948
2916
2897
2947
2975
2946
2915
2944
2943
3074
3073
3072
3071
3248
3249
3250
3251
3252
3253
3254
3255
3256
3257
3306
3323
3348
3382
3525
3524
3523
3522
3521
3520
3519
3420
3518
3517
3516
3514
3513
3512
3678
3679
3680
3681
3682
3683
3748
3684
3685
3686
3687
3688
3689
3690
3749
3784
3813
3852
3783
3812
3851
3954
3953
3955
3956
3957
3958
3959
3960
3961
3691
3692
3693
3694
3695
3696
3697
3698
3699
3700
3701
3703
3704
3705
3706
3707
3708
3547
3709
3710
3750
3761
3786
3815
3855
3865
3976
3977
3978
3979
3980
3981
3982
3983
3984
3985
3986
3987
3988
3989
3990
3991
3821
3790
3765
3754
3714
3753
3764
3789
3819
3856
3552
3551
3550
3549
3548
3712
3752
3763
3788
3818
3817
3787
3762
3751
3711
3422
3423
3424
3425
3529
3530
3532
3531
3393
3387
3351
3325
3312
3386
3350
3385
3421
3528
3527
3526
3384
3349
3324
3307
3258
3259
3260
3261
3262
3263
3264
3308
3268
3093
3094
3095
3096
3269
3270
3097
3098
3099
3100
3101
3353
3394
3426
3427
3428
3429
3430
3533
3534
3535
3536
3431
3432
3396
3397
3357
3356
3328
3327
3355
3395
3388
3354
3326
3313
3272
3102
3103
3104
3105
3106
3273
3274
3275
3107
3108
3109
3110
3111
3112
3276
3314
3329
3358
3433
3434
3435
3436
3437
3438
3439
3440
3441
3442
3443
3359
3398
3444
3445
3446
3537
3389
3309
3125
3124
3123
3122
3278
3121
3120
3119
3118
3117
3116
3115
3114
3113
2994
2993
2992
2991
2990
2989
2988
2987
2986
2985
2984
2983
2982
2981
2980
2979
2978
2917
2898
2883
2843
2842
2674
2675
2676
2677
2678
2679
2680
2681
2682
2684
2685
2686
2687
2688
2689
2690
2691
2692
2693
2844
2884
2899
2918
2919
2920
2900
2885
2846
2845
2695
2696
2697
2698
2699
2700
2701
2702
2703
2597
2596
2595
2594
2593
2592
2591
2590
2589
2588
2548
2652
2651
2587
2586
2585
2584
2583
2542
2505
2473
2459
2273
2274
2275
2276
2277
2278
2279
2280
2281
2282
2415
2283
2284
2285
2286
2287
2288
2289
2290
2291
2292
2294
2295
2296
2416
2460
2474
2506
2507
2417
2297
2298
2299
2300
2418
2419
2461
2475
2509
2508
2549
2601
2600
2599
2598
2704
2705
2706
2707
2708
2709
2710
2711
2712
2922
3002
3001
3000
2999
2998
2997
2996
2995
3279
3310
3280
3281
3126
3127
3128
3129
3282
3133
3132
3131
3078
3077
2959
3076
3075
3004
3003
2958
2923
2950
2924
2901
2886
2849
2848
2717
2716
2715
2714
2713
2602
2603
2604
2605
2606
2607
2550
2510
2476
2511
2551
2608
2609
2610
2611
2612
2718
2850
2881
2887
2902
2926
2952
2951
2960
3079
3080
2953
2928
2904
2889
2882
2927
2903
2888
2853
2852
2719
2720
2721
2854
2722
2723
2724
2725
2726
2727
2728
2856
2890
2905
2929
2954
2963
3081
3082
3005
3006
3007
3008
3009
3010
3083
3084
3085
3086
2964
2965
2930
2906
2858
2857
2729
2730
2731
2732
2733
2734
2735
2736
2737
2739
2738
2860
2859
2907
2931
3011
3012
2966
2967
3013
3014
3015
2932
2861
2740
2741
2742
2743
2745
2746
2627
2628
2629
2528
2491
2464
2440
2465
2492
2529
2543
2630
2631
2653
2654
2566
2632
2633
2655
2634
2635
2530
2366
2365
2364
2363
2362
2361
2441
2360
2359
2358
2357
2356
2355
2354
2353
2352
2351
2350
2349
2438
2439
2463
2490
2527
2526
2626
2625
2624
2623
2622
2621
2565
2564
2620
2619
2617
2618
2523
2487
2524
2488
2435
2436
2525
2489
2462
2437
2348
2347
2346
2345
2344
2343
2342
2341
2340
2339
2338
2337
2335
2334
2333
2332
2434
2433
2331
2330
2432
2329
2328
2431
2430
2428
2427
2426
2425
2479
2515
2516
2480
2517
2481
2482
2518
2519
2483
2484
2520
2486
2522
2563
2562
2561
2560
2559
2557
2556
2555
2554
2616
2615
2614
2613
2552
2514
2513
2478
2422
2317
2316
2315
2314
2313
2421
2420
2312
2311
2310
2309
2308
2307
2306
2305
2304
2303
2301
2154
2153
2119
2118
2079
2048
2078
2047
2030
1989
1990
1991
1851
1850
1849
1848
1847
1988
2029
2046
2076
2110
2117
2242
2241
2240
2239
2238
2152
2151
2150
2149
2148
2147
2236
2237
2116
2074
2044
2027
2075
2045
2028
1986
1987
1846
1845
1844
1843
1842
1841
1840
1839
1838
1837
1836
1834
1833
1984
1985
2026
2043
2073
2109
2072
2042
2025
1832
1831
1829
1828
1827
1983
2041
2071
2144
2143
2024
2040
2070
2108
2115
2235
2234
2142
2141
2233
2232
2137
2107
2114
2106
2021
2022
1977
1978
1979
1980
1824
1825
1826
1728
1729
1730
1731
1732
1733
1734
1735
1736
1737
1738
1739
1665
1636
1617
1701
1666
1637
1618
1613
1577
1438
1439
1578
1440
1441
1442
1300
1301
1302
1252
1251
1215
1214
1250
1249
1213
1149
1148
1147
1212
1248
1298
1299
1437
1436
1435
1434
1433
1432
1431
1430
1428
1427
1426
1425
1424
1423
1422
1421
1420
1576
1575
1616
1635
1664
1706
1700
1797
1796
1795
1727
1698
1661
1699
1662
1633
1612
1572
1571
1570
1569
1568
1567
1566
1565
1564
1563
1562
1610
1660
1697
1632
1659
1696
1658
1695
1694
1657
1656
1693
1721
1722
1723
1724
1794
1975
1976
2019
2067
2104
2068
2105
2140
2135
2139
2231
2230
2229
2228
2227
2101
2064
2037
2017
2038
2065
2102
2103
2066
2018
1974
1973
1972
1971
1970
1969
1968
1967
1966
1965
1964
1963
1719
1720
1692
1655
1631
1654
1691
1653
1690
1652
1689
1688
1651
1630
1687
1793
1792
1777
1773
1917
2004
1925
1934
1945
1957
1960
1961
1962
2016
2015
2010
2008
2036
2061
2096
2099
2062
2063
2100
2138
2134
2129
2094
2059
2034
2057
2092
2056
2089
2128
2181
2126
2125
2124
2083
2052
2077
2146
2145
2136
2113
2069
2039
2020
1830
1835
1992
1997
1999
2001
1893
1870
1863
1725
1726
1705
1663
1634
1611
1429
1508
1516
1539
1548
1551
1552
1553
1554
1601
1602
1603
1604
1605
1606
1607
1608
1609
1561
1560
1559
1558
1557
1556
1555
1418
1385
1386
1419
1387
1388
1323
1286
1240
1241
1287
1324
1325
1288
1242
1142
1140
1139
1138
1137
1136
1135
1134
1133
1132
1143
1384
1383
1382
1322
1284
1239
1238
1282
1321
1320
1274
1233
1319
1266
1227
1071
1049
1039
1015
1007
1141
1254
1327
1326
1389
1318
1285
1181
1004
1003
1002
1001
928
890
922
923
931
857
635
805
804
758
583
595
558
597
562
564
609
568
569
577
625
578
579
626
580
581
582
627
584
585
628
586
587
588
629
589
590
630
591
592
549
593
550
551
594
552
553
517
477
478
449
392
291
290
289
288
287
286
285
387
284
283
386
385
384
383
382
381
380
391
379
378
377
376
375
374
373
372
371
390
370
368
367
366
365
364
363
362
361
389
358
357
347
345
327
322
318
312
311
388
304
301
293
369
264
265
202
277
252
243
276
231
222
215
166
165
66
70
76
150
87
90
16
102
105
107
32
123
126
42
45
59
60
140
141
61
279
271
280
281
272
282
273
151
144
143
142
62
63
145
146
147
148
64
65
67
168
211
230
274
232
275
233
